bootstrap-mean: 0.501432127693627
bootstrap-stdd: 0.00314848728379665
bootstrap-mean: 0.333170035185977 0.246982096359366 0.51192124732176 <-macroFPR-|-microFPR-> 0.336113494115467 0.468520003496778 0.638177862228504
bootstrap-stdd: 0.00718112929677048 0.00613360525116241 0.0111373411969542 <-macroFPR-|-microFPR-> 0.00920702906927222 0.0115062549440381 0.0112628723088629
