bootstrap-mean: 0.722740985095071
bootstrap-stdd: 0.00278174864331379

bootstrap-mean: 0.687947063472858 0.668132954294003 0.729907218058544 <-macroFPR-|-microFPR-> 0.504653125234768 0.569099544321151 0.892822823345447
bootstrap-stdd: 0.0596605198046293 0.0307938981580096 0.151470930280792 <-macroFPR-|-microFPR-> 0.0194842572681869 0.0441357788836352 0.0577168827744435

