bootstrap-mean: 0.499999604737969
bootstrap-stdd: 0.00284238250287
bootstrap-mean: 0.50874219015591 0.519690452692058 0.498259708310411 <-macroFPR-|-microFPR-> 0.364820617379294 0.507032627055247 0.604174526131344
bootstrap-stdd: 0.0030562071671042 0.00343899274835018 0.00375353107674454 <-macroFPR-|-microFPR-> 0.00825671557953984 0.0076643859743556 0.0110246919724564
