bootstrap-mean: 0.794892490827221
bootstrap-stdd: 0.00263258808800045

bootstrap-mean: 0.512962545130166 0.777463309290566 0.382759194446882 <-macroFPR-|-microFPR-> 0.322369077054179 0.812874941645902 0.412359234908864
bootstrap-stdd: 0.00345882952189745 0.00459809265939759 0.00342439609248622 <-macroFPR-|-microFPR-> 0.00633796239333274 0.0083253819423701 0.00829699802489291

