bootstrap-mean: 0.761991917537832
bootstrap-stdd: 0.00249848563769156

bootstrap-mean: 0.752301822094577 0.659782684316864 0.879544402257037 <-macroFPR-|-microFPR-> 0.520274779071692 0.504660872862153 0.929150463634709
bootstrap-stdd: 0.0194622732180145 0.042791724980364 0.0269111522555157 <-macroFPR-|-microFPR-> 0.0074973594358209 0.0148670853948064 0.0246900899820452

