bootstrap-mean: 0.5
bootstrap-stdd: 0
bootstrap-mean: 0.68476627974573 0.520645380820053 1 <-macroFPR-|-microFPR-> 0.526755236971085 0.477442756219797 1
bootstrap-stdd: 0.00187895344183192 0.00217217361129255 0 <-macroFPR-|-microFPR-> 0.00715168760015326 0.00700334089981142 0
