bootstrap-mean: 0.751553523911252
bootstrap-stdd: 0.00261562606628605
bootstrap-mean: 0.366479971387152 0.266378102191641 0.590743355898524 <-macroFPR-|-microFPR-> 0.394270517281187 0.515519592437563 0.647524348429841
bootstrap-stdd: 0.0340205494718866 0.0293958705499624 0.0496671386360077 <-macroFPR-|-microFPR-> 0.0456157362540637 0.0353160692651085 0.0541286447325277
