bootstrap-mean: 0.750399656302589
bootstrap-stdd: 0.00262391537298934
bootstrap-mean: 0.759428757429368 0.637211033775678 0.941416601521287 <-macroFPR-|-microFPR-> 0.518054809884794 0.55256136087831 0.921694385294318
bootstrap-stdd: 0.0129918190447264 0.0244158563922153 0.0167290546815256 <-macroFPR-|-microFPR-> 0.00752636748741233 0.0162770569155864 0.0149033300129777
