bootstrap-mean: 0.734360498564863
bootstrap-stdd: 0.00611081268072177
bootstrap-mean: 0.515076617899608 0.404842031787558 0.723778601635268 <-macroFPR-|-microFPR-> 0.457564870691912 0.576725596588628 0.839961796095527
bootstrap-stdd: 0.0118956599816282 0.0378258261018835 0.0675005883849038 <-macroFPR-|-microFPR-> 0.0176193544996616 0.040785716569919 0.0522162684765789
