bootstrap-mean: 0.5
bootstrap-stdd: 0
bootstrap-mean: 0.39100018015389 0.243023031472326 1 <-macroFPR-|-microFPR-> 0.481077020484635 0.432348695063099 1
bootstrap-stdd: 0.0055534517099849 0.00429172332906554 0 <-macroFPR-|-microFPR-> 0.00798196275205151 0.00788373026361059 0
