bootstrap-mean: 0.76124859901152
bootstrap-stdd: 0.00641289198963467

bootstrap-mean: 0.531421277631243 0.472679187589937 0.621808412995427 <-macroFPR-|-microFPR-> 0.417266884396492 0.564716173964329 0.722024063530246
bootstrap-stdd: 0.0136580799805643 0.0448693342130206 0.0712030012979842 <-macroFPR-|-microFPR-> 0.0233698843273757 0.0494854141087294 0.06310393845535

