bootstrap-mean: 0.759396035857689
bootstrap-stdd: 0.00602019992727904

bootstrap-mean: 0.526161383914816 0.496341051659612 0.567897832448989 <-macroFPR-|-microFPR-> 0.395193063482429 0.689952837251834 0.674140878633522
bootstrap-stdd: 0.0126162540882906 0.0352893557760819 0.0569616196342337 <-macroFPR-|-microFPR-> 0.0242374446597947 0.0383296036127954 0.0568630286599915

