bootstrap-mean: 0.684714743366434
bootstrap-stdd: 0.00244404508006372
bootstrap-mean: 0.706746839869104 0.57422970778439 0.919930475667375 <-macroFPR-|-microFPR-> 0.558449129192677 0.605042321524008 0.896635864257357
bootstrap-stdd: 0.00305405172799842 0.0126258239616149 0.0212676208741372 <-macroFPR-|-microFPR-> 0.00933568396373432 0.0132244573845568 0.0179220614797582
