bootstrap-mean: 0.506602487872949
bootstrap-stdd: 0.00735621039907766
bootstrap-mean: 0.333725022754437 0.247592165351218 0.511918871738701 <-macroFPR-|-microFPR-> 0.337367066740523 0.471454981094248 0.635743380007385
bootstrap-stdd: 0.00834008118929982 0.00699210596394226 0.012381388048013 <-macroFPR-|-microFPR-> 0.011325174373083 0.0114601493672471 0.0121837862833457
