bootstrap-mean: 0.496997245690983
bootstrap-stdd: 0.0025038763460866
bootstrap-mean: 0.490900585206014 0.484673512425945 0.497299094294195 <-macroFPR-|-microFPR-> 0.406861387803476 0.539476576260885 0.54379422347731
bootstrap-stdd: 0.00209739083917212 0.00260349379534639 0.00254048650272339 <-macroFPR-|-microFPR-> 0.00792367388588901 0.00716937850732311 0.00902501036924221
