bootstrap-mean: 0.505811189302642
bootstrap-stdd: 0.00219804083397455
bootstrap-mean: 0.482906886670373 0.467379394492347 0.499514017659102 <-macroFPR-|-microFPR-> 0.39025697429407 0.541639456858014 0.563686979822579
bootstrap-stdd: 0.00275873887141171 0.00332601237414964 0.00309129845137942 <-macroFPR-|-microFPR-> 0.00727719501030166 0.00672047719087416 0.009187725331491
