bootstrap-mean: 0.650901097393804
bootstrap-stdd: 0.00371724093869792

bootstrap-mean: 0.628751443265456 0.483528487640584 0.900619265797984 <-macroFPR-|-microFPR-> 0.509167104640472 0.536292652236228 0.864512907600489
bootstrap-stdd: 0.00486805820147965 0.0114265706560813 0.0320829138472513 <-macroFPR-|-microFPR-> 0.0145587758734763 0.0186597724197892 0.0326932886499476

