bootstrap-mean: 0.49749543647185
bootstrap-stdd: 0.00725878333946613
bootstrap-mean: 0.325959582331413 0.241759956816671 0.500345826690342 <-macroFPR-|-microFPR-> 0.327575193043275 0.465466147208311 0.632095027335951
bootstrap-stdd: 0.00883005737523674 0.00750650052812547 0.0127149438565326 <-macroFPR-|-microFPR-> 0.0106732228035479 0.0109122266096745 0.0131368645474364
