bootstrap-mean: 0.736102524817325
bootstrap-stdd: 0.00680401250468409

bootstrap-mean: 0.448980773968156 0.551754016071063 0.378587132585289 <-macroFPR-|-microFPR-> 0.330439777134932 0.69564281500832 0.509945260237072
bootstrap-stdd: 0.0104807342560072 0.0135631071456444 0.0105836678657557 <-macroFPR-|-microFPR-> 0.0114627476802016 0.010266211764356 0.0112933930628015

