bootstrap-mean: 0.69058489623439
bootstrap-stdd: 0.00314294470638368

bootstrap-mean: 0.636880830108903 0.498123738987251 0.885063187027108 <-macroFPR-|-microFPR-> 0.453670155255806 0.656798773109125 0.75551844998086
bootstrap-stdd: 0.00377015768710867 0.0159604295108622 0.0268506694533821 <-macroFPR-|-microFPR-> 0.0176881720216571 0.0215132862342715 0.0333842759468668

