bootstrap-mean: 0.731911194834558
bootstrap-stdd: 0.00591468282227424
bootstrap-mean: 0.363014232152568 0.263368890435312 0.588174655610259 <-macroFPR-|-microFPR-> 0.390995310530721 0.51632471072683 0.643892510621714
bootstrap-stdd: 0.0348676363886829 0.0302480295706244 0.0505290394355871 <-macroFPR-|-microFPR-> 0.0474946754739587 0.0382597550405757 0.0503516173235122
