bootstrap-mean: 0.680056482723602
bootstrap-stdd: 0.00233058952870096
bootstrap-mean: 0.235355847996189 0.178028878507965 0.351635416586649 <-macroFPR-|-microFPR-> 0.32032955761443 0.494668301961341 0.418210731022762
bootstrap-stdd: 0.0453861106640844 0.0372281375305535 0.0660824771972817 <-macroFPR-|-microFPR-> 0.0732287259160347 0.0716188076429196 0.0893450124481879
