bootstrap-mean: 0.591124424456236
bootstrap-stdd: 0.00364312637255322

bootstrap-mean: 0.404389525294419 0.568925711944781 0.313696338342923 <-macroFPR-|-microFPR-> 0.41350435095188 0.651755888939716 0.587906050153746
bootstrap-stdd: 0.00465727572291801 0.00677891191829435 0.00443314454897413 <-macroFPR-|-microFPR-> 0.00874109884572009 0.00965673321621653 0.00945842612458742

