bootstrap-mean: 0.5
bootstrap-stdd: 0
bootstrap-mean: 0.654900838885663 0.486881945284551 1 <-macroFPR-|-microFPR-> 0.591688214687372 0.525476222362891 1
bootstrap-stdd: 0.00181908639170737 0.00201050519717806 0 <-macroFPR-|-microFPR-> 0.00575958568710922 0.00565916685810818 0
