bootstrap-mean: 0.5
bootstrap-stdd: 0
bootstrap-mean: 0.811806669804546 0.683231441048035 1 <-macroFPR-|-microFPR-> 0.753369230710219 0.712164875546946 1
bootstrap-stdd: 0.00175630963450865 0.00248899348738418 0 <-macroFPR-|-microFPR-> 0.00605979837355456 0.00615456637718817 0
