bootstrap-mean: 0.827203634394095
bootstrap-stdd: 0.00237287835391033

bootstrap-mean: 0.840532354098068 0.822366262757822 0.859524823222387 <-macroFPR-|-microFPR-> 0.696699423213388 0.769764118593539 0.827654386376451
bootstrap-stdd: 0.0017679498733085 0.00244125601331457 0.00217948964182492 <-macroFPR-|-microFPR-> 0.00653477126312815 0.00723255722842637 0.00512579235603142

