bootstrap-mean: 0.502499238319754
bootstrap-stdd: 0.00347108545172143
bootstrap-mean: 0.576192624356453 0.681384067306869 0.499144857382757 <-macroFPR-|-microFPR-> 0.490895479870654 0.737001632025845 0.538875392331703
bootstrap-stdd: 0.00270232241678626 0.0033292488207612 0.00306010792198923 <-macroFPR-|-microFPR-> 0.00932600583320568 0.00756174765174897 0.0102496934835727
