bootstrap-mean: 0.803414818343051
bootstrap-stdd: 0.00218616577614442
bootstrap-mean: 0.841671245047174 0.787715816630971 0.904194571282263 <-macroFPR-|-microFPR-> 0.713479359727348 0.77065769395447 0.90962443495509
bootstrap-stdd: 0.00431330732014293 0.00996079028057246 0.0216417361925644 <-macroFPR-|-microFPR-> 0.0125301214039137 0.0120939999324034 0.0194953972464717
