bootstrap-mean: 0.831183678198549
bootstrap-stdd: 0.00238372845219134

bootstrap-mean: 0.840454146322257 0.811980970230049 0.871897273873361 <-macroFPR-|-microFPR-> 0.731437484674181 0.7361218257152 0.918960789853923
bootstrap-stdd: 0.00185756458981085 0.0169011241148302 0.02099402609416 <-macroFPR-|-microFPR-> 0.00888801822894953 0.00805032592650338 0.0178795026882832

