bootstrap-mean: 0.762539938315689
bootstrap-stdd: 0.00250861071795888

bootstrap-mean: 0.786119456997524 0.789262090791726 0.800738857741332 <-macroFPR-|-microFPR-> 0.711491748864017 0.756345536344079 0.920127672643682
bootstrap-stdd: 0.00901598953101689 0.073666592585178 0.0946042611219444 <-macroFPR-|-microFPR-> 0.018767486924897 0.0263078079351595 0.0393299543051572

