bootstrap-mean: 0.644399316567925
bootstrap-stdd: 0.00438840259204271

bootstrap-mean: 0.817308011670785 0.734739802561807 0.925226008512575 <-macroFPR-|-microFPR-> 0.749686580286799 0.763424197223562 0.920680543409363
bootstrap-stdd: 0.0175438672175342 0.0176395503900336 0.0632354683515847 <-macroFPR-|-microFPR-> 0.0230104873956596 0.0162247084745809 0.0414164861031564

