bootstrap-mean: 0.80158217008467
bootstrap-stdd: 0.00429623812663856

bootstrap-mean: 0.752236517020571 0.718378664303858 0.791794554385081 <-macroFPR-|-microFPR-> 0.651895896327324 0.797991606968537 0.825953412110773
bootstrap-stdd: 0.00996099017945633 0.0201128340960195 0.0398714925224541 <-macroFPR-|-microFPR-> 0.0163167282771682 0.0188547708076687 0.0308743286321479

