bootstrap-mean: 0.577252902463798
bootstrap-stdd: 0.0042813807568124

bootstrap-mean: 0.813114777051756 0.717955034962416 0.940726198937464 <-macroFPR-|-microFPR-> 0.724854947816009 0.782286446379537 0.9051945794342
bootstrap-stdd: 0.0231957728911013 0.012779801034475 0.0598161184263777 <-macroFPR-|-microFPR-> 0.0434581033008449 0.0288872362013313 0.0659286050568454

