bootstrap-mean: 0.823296661659378
bootstrap-stdd: 0.00423888347218226

bootstrap-mean: 0.752207230429527 0.728680128221628 0.777351311887114 <-macroFPR-|-microFPR-> 0.667514642935768 0.768088984564095 0.808531687685441
bootstrap-stdd: 0.00542527303334173 0.00681243779479252 0.00672238397700779 <-macroFPR-|-microFPR-> 0.0078194579333721 0.00799639558732146 0.00685313174975893

