bootstrap-mean: 0.806858063943957
bootstrap-stdd: 0.00437326784456327

bootstrap-mean: 0.753888237985677 0.680119778120873 0.850347152488 <-macroFPR-|-microFPR-> 0.695532487176283 0.72919142143676 0.87810022897099
bootstrap-stdd: 0.0106904558037088 0.0291997410405044 0.050191875880497 <-macroFPR-|-microFPR-> 0.0221615062631429 0.0226004587611923 0.0484763710307071

