bootstrap-mean: 0.699657799205912
bootstrap-stdd: 0.00294454392903606
bootstrap-mean: 0.836464638919432 0.748175754980427 0.948381429271985 <-macroFPR-|-microFPR-> 0.776032531626913 0.772245396807429 0.958610158901886
bootstrap-stdd: 0.00121496781133754 0.00165735183629059 0.00119462692713945 <-macroFPR-|-microFPR-> 0.00468366487973841 0.0047044097778444 0.000719139484377282
