bootstrap-mean: 0.645464391154475
bootstrap-stdd: 0.00391278973610222

bootstrap-mean: 0.76559478427868 0.752674577876441 0.778978428388825 <-macroFPR-|-microFPR-> 0.709400896066694 0.792151453854188 0.83378935263741
bootstrap-stdd: 0.00257353659539513 0.00331498432484996 0.00335030251755261 <-macroFPR-|-microFPR-> 0.00748946435547619 0.00763419893827728 0.00550343138883422

