bootstrap-mean: 0.5
bootstrap-stdd: 0
bootstrap-mean: 0.815092510188358 0.687897620240914 1 <-macroFPR-|-microFPR-> 0.794823960858057 0.744643189605892 1
bootstrap-stdd: 0.00133326360582259 0.00189929483739089 0 <-macroFPR-|-microFPR-> 0.00444307816738183 0.00459003570267671 0
