bootstrap-mean: 0.752034635958284
bootstrap-stdd: 0.00580097063919609
bootstrap-mean: 0.757101314739417 0.694098263475438 0.834249351353604 <-macroFPR-|-microFPR-> 0.680286693788491 0.771873981624909 0.878146582011225
bootstrap-stdd: 0.00766584705658386 0.0157744546665387 0.0318457233508488 <-macroFPR-|-microFPR-> 0.0188857279359175 0.0218498510068417 0.0356069216140713
