bootstrap-mean: 0.5
bootstrap-stdd: 0
bootstrap-mean: 0.65270914678637 0.484479681659231 1 <-macroFPR-|-microFPR-> 0.7249400981331 0.685969856566887 1
bootstrap-stdd: 0.00484814024841899 0.00534168567473554 0 <-macroFPR-|-microFPR-> 0.00795364976159355 0.00818154354957238 0
