bootstrap-mean: 0.498598996596539
bootstrap-stdd: 0.00583031091911542
bootstrap-mean: 0.489547222224232 0.480966163973599 0.498500493245312 <-macroFPR-|-microFPR-> 0.45509402140481 0.701892428838933 0.544186358532934
bootstrap-stdd: 0.00651765145649386 0.00741627816537512 0.0076525103504701 <-macroFPR-|-microFPR-> 0.010340457637546 0.00824938989567917 0.010284016538142
