bootstrap-mean: 0.499219476707439
bootstrap-stdd: 0.00278349143389867
bootstrap-mean: 0.577736171654856 0.686897572640415 0.498517918908687 <-macroFPR-|-microFPR-> 0.526238193050593 0.756651134925439 0.522253709886494
bootstrap-stdd: 0.00235941007477935 0.00297274412500102 0.00251777612043901 <-macroFPR-|-microFPR-> 0.00718961882755981 0.00562537455022649 0.00773453934402101
